76
281
354
398
572
799
804
905
974
986
988
1048
1139
1280
1427
1472
1494
1513
1518
1606
1620
1682
1739
1777
2100
2180
2229
2320
2360
2461
2468
2618
2635
2677
2758
2903
2911
2992
3104
3154
3221
3222
3346
3436
3550
3586
3702
3837
3909
4001
4214
4250
4390
4467
4482
4971
5019
5097
5249
5259
5455
5516
5717
5875
6076
6132
6195
6359
6435
6469
6572
6624
6674
6907
6985
7034
7161
7186
7306
7366
7763
7806
7855
7896
8037
8114
8181
8288
8344
8375
8415
8423
8483
8545
8600
8659
8773
8932
9023
9047
9091
9211
9273
9418
9496
9609
9777
9805
9839
9856
9998
10028
10038
10048
10078
10313
10362
10465
10486
10511
10549
10565
10582
10848
10930
10978
11081
11092
11436
11524
11552
11810
12098
12211
12508
12583
12719
12767
12840
12930
13053
13442
13444
13561
13605
13875
14025
14064
14129
14130
14188
14208
14313
14340
14432
14500
14539
14668
14705
14715
14859
14894
15037
15119
15240
15378
15773
15821
15827
15837
15895
15962
15993
16129
16145
16288
16402
16463
16576
16633
16802
16840
16873
17033
17035
17043
17163
17211
17441
17691
17740
17786
17935
17941
18011
18101
18108
18257
18333
18368
18488
18841
18852
18911
18955
19113
19271
19429
19604
19836
19954
20004
20132
20140
20204
20230
20420
20463
20909
20923
21141
21205
21302
21366
21536
21824
22049
22095
22220
22245
22391
22816
22906
23082
23185
23264
23556
23694
23741
23779
24029
24075
24080
24187
24318
24332
24568
24644
24728
24755
24785
24852
24860
24904
25020
25163
25179
25273
25457
25525
25545
25593
25646
25694
25737
26026
26160
26320
26577
27045
27085
27099
27286
27355
27578
27584
27679
27821
27988
28316
28390
28394
28408
28488
28503
28518
28522
28528
28539
28582
28835
28856
28954
29087
29156
29163
29220
29323
29331
29709
29763
29824
29836
29923
30014
30155
30322
30419
30446
30625
30652
30743
30875
30910
31050
31203
31389
31417
31461
31525
31635
31636
31647
31829
31864
31891
31992
32301
32409
32457
32480
32569
32572
32590
32616
32675
32788
32800
32843
32911
33295
33767
33775
33971
34046
34194
34200
34226
34447
34591
34691
34770
34960
35290
35298
35403
35429
35566
35567
35639
35782
35939
36157
36434
36464
36511
36590
36835
36918
36941
36966
36988
37031
37051
37075
37109
37215
37272
37298
37470
37767
38066
38154
38199
38333
38436
38493
38693
38714
38745
38822
38897
39156
39230
39239
39332
39368
39587
39665
39824
39930
39973
40053
40310
40313
40486
40493
40499
40689
40826
41114
41278
41307
41322
41358
41518
41707
41843
41990
42104
42131
42186
42254
42316
42332
42508
42595
42799
42841
43308
43425
43462
43480
43522
43540
43550
43579
43700
43760
43761
43780
43795
43944
43970
44013
44061
44147
44195
44322
44332
44398
44480
44596
44673
44745
44814
44948
45092
45448
45512
45549
45553
45643
45899
46145
46618
46628
46730
46866
46897
46984
47010
47087
47256
47290
47367
47387
47697
47826
48217
48303
48412
48603
48634
48696
48740
48845
48897
49023
49305
49419
49641
50011
50110
50180
50272
50420
50510
50749
50872
50933
51047
51350
51417
51537
51607
51664
52125
52137
52291
52356
52543
52577
52610
52914
52952
53053
53059
53091
53162
53175
53265
53344
53463
53528
53621
53729
53733
53791
53914
53967
54289
54409
54427
54647
54975
55329
55410
55434
55503
55579
55623
55637
55708
55769
55938
56021
56043
56050
56218
56400
56424
56432
56577
56597
56598
56682
56759
56774
56874
56876
56933
56965
57055
57081
57256
57786
57934
58237
58303
58537
58570
58826
58954
59011
59095
59136
59251
59390
59426
59570
59648
59811
59827
59934
59937
59997
60056
60198
60230
60443
60445
60470
60623
60678
60698
60719
60743
60808
60896
61003
61005
61007
61100
61359
61563
61732
61762
61781
61801
61853
62057
62107
62186
62220
62318
62329
62371
62706
62731
62907
62921
62978
63019
63022
63040
63072
63294
63432
63516
63655
63664
63676
63819
63862
63895
63946
64069
64085
64201
64241
64610
64658
64871
64946
65066
65104
65187
65208
65210
65377
65385
65504
65767
65838
65989
66175
66202
66214
66324
66450
66533
66538
66722
66726
66877
67058
67148
67253
67499
67500
67580
67596
67651
67901
68002
68369
68394
68508
68545
68581
68755
68789
69208
69241
69363
69435
69445
69538
69950
70275
70415
70477
70577
70625
70649
70821
70933
71183
71325
71419
71659
71665
72001
72008
72316
72319
72477
72769
72796
72829
72872
73067
73117
73238
73263
73267
73477
73492
73501
73517
73763
73793
73915
74043
74250
74345
74354
74374
74406
74412
74425
74434
74449
74524
74525
74735
74769
74801
74837
74854
74892
75017
75028
75254
75316
75410
75448
75712
75957
76071
76135
76165
76216
76317
76320
76673
76719
76846
76933
77322
77461
77563
77836
77986
78161
78200
78244
78445
78506
78547
78553
78747
78749
78856
78913
78922
78997
79020
79026
79255
79298
79313
79430
79482
79586
79683
79821
80007
80028
80030
80071
80102
80122
80225
80394
80400
80454
80522
80651
80865
80972
81265
81800
82059
82070
82084
82190
82303
82384
82402
82424
82739
82840
82970
83084
83113
83178
83412
83433
83707
83893
83896
83908
83926
84041
84051
84151
84257
84410
84514
84576
84671
84944
85003
85133
85154
85191
85215
85221
85224
85238
85403
85523
85590
85610
85680
85884
85898
86120
86255
86323
86485
86503
86583
86727
86735
86788
86806
86830
86832
86861
86882
86966
86996
87195
87306
87358
87466
87558
88029
88345
88487
88923
89092
89107
89118
89298
89308
89316
89410
89436
89468
89593
89641
89753
89771
89792
90011
90016
90039
90083
90271
90315
90381
90401
90462
90612
90813
90823
90852
90955
91060
91088
91226
91449
91506
91515
91825
91845
91965
91997
92024
92044
92134
92493
92565
92739
92746
92770
92799
92843
92868
93011
93063
93064
93106
93301
93349
93371
93490
93619
94029
94034
94190
94219
94403
94428
94537
94643
94828
94881
94999
95040
95081
95180
95183
95269
95368
95452
95694
95762
95794
95812
95847
96063
96297
96315
96465
96466
96471
96486
96508
96581
96687
96736
96807
96816
96878
96951
97027
97035
97075
97166
97224
97299
97312
97349
97396
97451
97624
97735
97755
97834
98024
98041
98091
98200
98220
98294
98591
98878
99207
99368
99490
99526
99735
99739
99770
99841
